9780006551805	4
9780099766810	12
9780174247500	4
9780174247739	2
9780174247746	2
9780174247975	4
9780174402718	5
9780175117659	3
9780175117703	2
9780198310068	4
9780198310129	7
9780198310143	2
9780198328711	8
9780198338444	4
9780198356905	2
9780198368199	24
9780198368236	2
9780198392965	1
9780199137091	15
9780340907337	3
9780571331741	8
9780602576387	1
9780721712857	2
9780721712864	1
9780721712888	1
9780721713632	8
9780750294270	1
9781107615496	12
9781316622681	1
9781316622728	1
9781316622803	1
9781408508565	4
9781408508695	4
9781408508718	3
9781408517253	2
9781408517307	14
9781408517314	2
9781445118550	2
9781517116002	7
9781782940838	4
9781782940845	4
9781782940852	4
9781782940869	8
9781782940876	4
9781782940890	2
9781782940913	2
9781782940920	2
9781782940937	2
9781782940944	2
9781782940951	2
9781782941347	4
9781782941927	5
9781782942320	13
9781782942344	3
9781782942375	2
9781782942405	2
9781782944492	4
9781782944607	3
9781782944706	2
9781782944737	4
9781782946717	4
9781782946960	3
9781782946984	4
9781782947035	2
9781782947592	3
9781782947851	4
9781841460680	4
9781841460734	4
9781841461502	2
9781841461557	28
9781841461755	37
9781841461779	24
9781841462509	4
9781844141678	8
9781844141685	6
9781844141692	6
9781844142927	3
9781847621580	2
9781847621597	2
9781847621658	4
9781847621856	4
9781847622129	22
9781847622143	2
9781847624420	1
9781847629074	28
9781847629111	2
9781870946513	14
9781870946537	14
9781870946544	14
9781870946551	14
9781870946568	14
9781870946575	14
9781903436332	7
