9780007268719	1
9780007464036	7
9780008120979	1
9780008124229	3
9780008210373	10
9780008221638	1
9780008221645	1
9780008221652	1
9780008221669	1
9780008259143	4
9780174402718	10
9780174403227	4
9780192743503	3
9780192743527	1
9780195374636	1
9780198310037	2
9780198310044	20
9780198310051	15
9780198310068	6
9780198310075	12
9780198310099	2
9781483122236	1
9780080190082	1
9780201360752	1
9781860942341	1
9780198310105	20
9780198310112	15
9780198310129	28
9780198310136	27
9780198310143	29
9780198356905	5
9780198365334	2
9780198368236	7
9780198376422	2
9780198376439	20
9780198376446	15
9780198376453	28
9780198376460	30
9780198376477	30
9780198390008	7
9780198393023	11
9780198393030	4
9780198393047	4
9780198393054	15
9780198393061	16
9780198393078	16
9780198394778	2
9780198394785	20
9780198394792	15
9780198394808	28
9780198394815	30
9780198394822	30
9780198394839	1
9780198394846	2
9780198394853	1
9780198394860	2
9780198394877	2
9780198394884	2
9780198394891	1
9780198394907	2
9780198394921	1
9780198394938	1
9780198394945	1
9780198399261	2
9780198418092	2
9780198418108	20
9780198418115	15
9780198418122	28
9780198418139	30
9780198418146	30
9780198418153	2
9780198418160	20
9780198418177	15
9780198418184	28
9780198418191	30
9780198418214	11
9780198419723	2
9780198419822	20
9780198419846	31
9780198419860	14
9780199127702	12
9780199127726	16
9780199127788	10
9780199127801	10
9780199150779	3
9780199226863	1
9780199676095	1
9780230243842	5
9780333972397	1
9780340907368	4
9780340959428	1
9780340959435	1
9780340959442	1
9780340959459	1
9780340959466	1
9780340959473	1
9780340959480	1
9780340959497	1
9780340959503	1
9780340974452	1
9780415690157	1
9780435155186	13
9780435169923	17
9780435172329	2
9780470517307	2
9781405226660	7
9781405842761	2
9781405882125	2
9781408108406	11
9781408278239	24
9781408278246	18
9781408278420	24
9781408278437	24
9781408278444	16
9781408278451	15
9781408278567	5
9781408278574	6
9781408278581	5
9781782947851	28
9781841460680	28
9781841460734	28
9781841460741	14
9781841461557	15
9781841461755	61
9781841461762	15
9781847621580	56
9781847621597	56
9781847621856	58
9781847622129	8
9781847622136	30
9781847622143	29
9781847627438	15
9781847627865	2
9781847628152	30
9781847629074	61
9781862305274	16
