9780007268719                                 384.79
9780007464036                                 200.76
9780008120979                                 458.88
9780008124229                                 585.55
9780008210373                                 150.57
9780008221638                                 150.57
9780008221645                                 150.57
9780008221652                                 150.57
9780008221669                                 150.57
9780008259143                                 234.22
9780174402718                                 418.25
9780174403227                                 418.25
9780192743503                                 264.09
9780192743527                                 167.30
9780195374636                                 117.11
9781483122236                                 519.83
9780080190082                                 472.03
9780201360752                                 501.90
9781860942341                                 776.75
9780198310037                                 216.95
9780198310044                                 216.95
9780198310051                                 206.19
9780198310068                                 217.49
9780198310075                                 234.22
9780198310099                                  78.87
9780198310105                                  78.87
9780198310112                                  83.76
9780198310129                                  83.65
9780198310136                                 100.38
9780198310143                                 100.38
9780198356905                                 468.44
9780198365334                                1405.32
9780198368236                                 138.86
9780198376422                                 100.38
9780198376439                                  89.63
9780198376446                                  89.62
9780198376453                                  89.63
9780198376460                                  89.63
9780198376477                                 108.75
9780198390008                                 643.77
9780198393023                                 326.23
9780198393030                                 334.60
9780198393047                                 326.23
9780198393054                                 112.93
9780198393061                                 112.93
9780198393078                                 112.93
9780198394778                                 234.22
9780198394785                                 223.47
9780198394792                                 259.97
9780198394808                                 259.97
9780198394815                                 295.82
9780198394822                                 325.04
9780198394839                                 518.63
9780198394846                                 367.52
9780198394853                                 367.52
9780198394860                                 367.52
9780198394877                                 367.52
9780198394884                                 518.63
9780198394891                                2241.82
9780198394907                                2225.09
9780198394921                                2225.09
9780198394938                                2208.36
9780198394945                                2225.09
9780198399261                                 401.52
9780198418092                                 234.22
9780198418108                                 234.22
9780198418115                                 250.95
9780198418122                                 234.22
9780198418139                                 267.68
9780198418146                                 301.14
9780198418153                                 100.38
9780198418160                                 100.38
9780198418177                                 117.11
9780198418184                                 117.11
9780198418191                                 133.84
9780198418214                                 518.63
9780198419723                                 305.92
9780198419822                                 234.22
9780198419846                                 246.77
9780198419860                                 246.77
9780199127702                                 315.48
9780199127726                                 102.29
9780199127788                                 323.08
9780199127801                                 124.28
9780199150779                                 207.71
9780199226863                                 568.82
9780199676095                                  38.03
9780230243842                                 133.84
9780333972397                                 920.15
9780340907368                                 317.87
9780340959428                                 342.96
9780340959435                                 342.96
9780340959442                                 158.94
9780340959459                                 158.94
9780340959466                                 158.94
9780340959473                                 619.01
9780340959480                                 619.01
9780340959497                                 619.01
9780340959503                                 342.96
9780340974452                                 501.90
9780415690157                                 485.17
9780435155186                                  30.59
9780435169923                                 292.77
9780435172329                                 234.22
9780470517307                                 836.50
9781405226660                                 117.11
9781405842761                                 117.11
9781405882125                                 150.57
9781408108406                                 150.57
9781408278239                                  33.46
9781408278246                                  90.06
9781408278420                                  33.46
9781408278437                                  33.46
9781408278444                                  30.59
9781408278451                                  30.59
9781408278567                                 133.84
9781408278574                                 133.84
9781408278581                                 133.84
9781782947851                                  99.54
9781841460680                                  58.55
9781841460734                                  58.55
9781841460741                                  58.56
9781841461557                                  82.81
9781841461755                                  66.92
9781841461762                                  66.92
9781847621580                                  66.08
9781847621597                                  66.08
9781847621856                                  82.81
9781847622129                                  66.05
9781847622136                                  66.08
9781847622143                                  66.08
9781847627438                                  76.48
9781847627865                                  33.46
9781847628152                                  66.08
9781847629074                                  66.92
9781862305274                                 133.84
